30
0 0
0.1 0.3
0.4 0.54
0.5 0.6
0.6 0.65
0.5 0.65
0.65 0.63
0.76 0.87
0.76 0.54
0 0.43
4.1 5.1
4.3 5.7
4.65 5.4
4.45 5.76
4.56 5.43
4.87 5.76
4.94 5.23
4.32 5.63
4.21 5.82
4.71 5.95
3 4
3.3 4.6
3.65 4.56
3.76 4.65
3.54 4.87
3.42 4.65
3.87 4.92
3.52 4.25
3.63 4.76
3.24 4.83
10
-0.240000 -0.130000
0.760000 -0.130000
0.760000 0.870000
-0.240000 0.870000

10
-0.240000 -0.130000
0.760000 -0.130000
0.760000 0.870000
-0.240000 0.870000

10
-0.240000 -0.130000
0.760000 -0.130000
0.760000 0.870000
-0.240000 0.870000
